{
 "cells": [
  {
   "cell_type": "code",
   "execution_count": 1,
   "id": "b78ec9a8",
   "metadata": {},
   "outputs": [],
   "source": [
    "#导入REST的PYTHON模块\n",
    "import pyrest\n",
    "import numpy"
   ]
  },
  {
   "cell_type": "code",
   "execution_count": 2,
   "id": "c6be3cea",
   "metadata": {
    "scrolled": true
   },
   "outputs": [
    {
     "name": "stdout",
     "output_type": "stream",
     "text": [
      "Print level:                1\n",
      "The number of threads used for parallelism:      1\n",
      "The spheric-GTO basis set is taken from /home/igor/Documents/Package-Pool/rest_workspace/rest/basis-set-pool/cc-pVDZ\n",
      "The pruning method will be nwchem\n",
      "The radial grid generation method will be treutler\n",
      "ERI Type: ri_v\n",
      "Turn off the basis pair symmetry for RI 3D-tensors\n",
      "The spheric-GTO auxiliary basis set is taken from /home/igor/Documents/Package-Pool/rest_workspace/rest/basis-set-pool/def2-SV(P)-JKFIT\n",
      "The exchange-correlation method: x3lyp\n",
      "Spin polarization: Off\n",
      "Read grids from the external file: none\n",
      "Charge:   0; Spin:   1\n",
      "min_num_angular_points: 110\n",
      "max_num_angular_points: 590\n",
      "hardness: 3\n",
      "Grid generation level: 3\n",
      "Even tempered basis generation: true\n",
      "WARNING: etb_beta cannot be below 1.0. REST will use etb_beta=2.0 instead in this calculation\n",
      "Even tempered basis generation starts at: 1\n",
      "Even tempered basis beta is: 2\n",
      "SCF convergency thresholds: 1e-5 for density matrix\n",
      "                            1e-5 Ha. for sum of eigenvalues\n",
      "                            1e-8 Ha. for total energy\n",
      "Max. SCF cycle number:      100\n",
      "The diis mixing with (param, max_vec_len) = (0.8, 8) is employed for the SCF procedure\n",
      "Turn on the diis mixing after 1 step(s) of SCF iteractions with the linear mixing\n",
      "WARNING: The specified external initial guess file (guessfile) is missing \n",
      "(none). \n",
      " The external initial guess will not be imported.\n",
      "\n",
      "The specified checkfile exists but is not loaded because the keyword 'external_init_guess' is specified\n",
      "It will be updated after the SCF procedure \n",
      "(none)\n",
      "Initial guess is prepared by (sad).\n",
      "It is a cluster calculation for finite molecules\n",
      "the functional of 'x3lyp' contains\n",
      "The density functional 'X3LYP' belongs to the 'Hybrid GGA' family and is defined in the reference(s):\n",
      "(0): X. Xu and W. A. Goddard, Proc. Natl. Acad. Sci. U. S. A. 101, 2673 (2004)\n",
      "Libxc version used in REST: 5.2.3\n",
      "nbas: 12, natm: 4 for standard basis sets\n",
      "First valence state for the frozen-core algorithm:     0\n",
      "final nbas: 84,final natm: 8\n",
      "numbasis: 29, num_auxbas: 192\n"
     ]
    }
   ],
   "source": [
    "#从ctrl.in文件读入计算控制信息和分子构型信息\n",
    "mol = pyrest.read_ctrl(\"/home/igor/Documents/Package-Pool/rest_workspace/rest/examples/NH3/X3LYP/ctrl.in\")"
   ]
  },
  {
   "cell_type": "code",
   "execution_count": 8,
   "id": "4743dd07",
   "metadata": {},
   "outputs": [
    {
     "name": "stdout",
     "output_type": "stream",
     "text": [
      " The exchange-correlation functional: X3LYP\n",
      "\n",
      "  N     -4.15520372      3.58551842      0.00000000\n",
      "  H     -2.22768306      3.58551842      0.00000000\n",
      "  H     -4.79770360      2.06461276     -0.99467369\n",
      "  H     -4.79771235      5.20738069     -0.81980566\n"
     ]
    }
   ],
   "source": [
    "#使用的密度泛函方法\n",
    "print(\" The exchange-correlation functional: %s\\n\" %mol.ctrl.xc.upper())\n",
    "#体系的元素信息\n",
    "(pos,size) = mol.geom.py_get_position()\n",
    "position = numpy.array(pos).reshape(size[1],size[0]);\n",
    "for x in range(4):\n",
    "    print(\"%3s%16.8f%16.8f%16.8f\" %(mol.geom.elem[x],position[x][0],position[x][1],position[x][2]))"
   ]
  },
  {
   "cell_type": "code",
   "execution_count": 9,
   "id": "a5abc0c6",
   "metadata": {
    "scrolled": true
   },
   "outputs": [
    {
     "name": "stdout",
     "output_type": "stream",
     "text": [
      "Restricted Hartree-Fock (or Kohn-Sham) algorithm is invoked.\n",
      "Nuc_energy: 11.847923728239245\n",
      "Overlap matrix is nonsigular:\n",
      "  Lowest eigenvalue:       0.01747469 with the total number of basis functions:     29\n",
      "Grid size: 44118\n",
      "n_nonsigular: 173\n",
      "Generate SAD of N\n",
      "Generate SAD of H\n",
      "Initial guess HF energy:     -56.16718121\n",
      "The total energy:       -56.5040183203 Ha by the initial guess\n",
      "Energy:     -56.5111027605 Ha after    1 iterations (in       0.15 seconds).\n",
      "SCF Change: DM 1.46032e-2; eev 2.59254e-1 Ha; etot 8.74221e-3 Ha\n",
      "Energy:     -56.5023605540 Ha after    2 iterations (in       0.14 seconds).\n",
      "SCF Change: DM 4.29651e-4; eev 8.74250e-3 Ha; etot -2.15575e-2 Ha\n",
      "Energy:     -56.5239180415 Ha after    3 iterations (in       0.15 seconds).\n",
      "SCF Change: DM 5.19874e-5; eev 5.74355e-4 Ha; etot -2.56746e-5 Ha\n",
      "Energy:     -56.5239437161 Ha after    4 iterations (in       0.15 seconds).\n",
      "SCF Change: DM 9.47836e-6; eev 1.69893e-4 Ha; etot -1.01531e-7 Ha\n",
      "Energy:     -56.5239438176 Ha after    5 iterations (in       0.16 seconds).\n",
      "SCF Change: DM 5.73589e-7; eev 5.41223e-6 Ha; etot -9.02254e-9 Ha\n",
      "Energy:     -56.5239438266 Ha after    6 iterations (in       0.15 seconds).\n",
      "SCF is converged after    6 iterations.\n",
      "the job spends             4.89 seconds\n"
     ]
    }
   ],
   "source": [
    "#做自洽场计算\n",
    "scf_data = pyrest.do_scf(mol)"
   ]
  },
  {
   "cell_type": "code",
   "execution_count": 11,
   "id": "047244c1",
   "metadata": {},
   "outputs": [
    {
     "name": "stdout",
     "output_type": "stream",
     "text": [
      " The X3LYP total energy:     -56.52394383 Ha\n",
      "\n",
      "[ 2.01548187e+00  2.10093889e-02 -2.98585088e-02  3.27770739e-03\n",
      "  5.15058547e-04 -9.25634750e-03 -7.06277033e-04 -1.10985042e-04\n",
      "  1.99455688e-03 -4.93288258e-05  1.39274984e-04 -1.35231203e-03\n",
      "  8.86336472e-04 -1.53056862e-04 -6.94103189e-03  1.75062041e-03\n",
      "  4.68475974e-03  1.16572044e-05 -2.09451607e-04 -6.94105787e-03\n",
      "  1.75060900e-03 -1.46268417e-03 -3.62632315e-03 -2.58869358e-03\n",
      " -6.94104987e-03  1.75062743e-03 -1.46270158e-03  3.89112273e-03\n",
      " -2.17041637e-03]\n",
      "[ 2.10093889e-02  1.49350553e+00 -2.69434166e-01 -7.48686393e-02\n",
      " -1.17643871e-02  2.11432867e-01 -4.83469676e-02 -7.59687923e-03\n",
      "  1.36533707e-01 -3.44211814e-04  9.72018544e-04 -9.43797972e-03\n",
      "  6.18590133e-03 -1.06819216e-03  2.78934193e-01  1.99396764e-02\n",
      " -5.55218827e-02 -1.29597539e-04  2.32922389e-03  2.78934057e-01\n",
      "  1.99396520e-02  1.74074989e-02  4.30289868e-02  3.05549626e-02\n",
      "  2.78934641e-01  1.99393552e-02  1.74076498e-02 -4.61530714e-02\n",
      "  2.55928904e-02]\n",
      "[-2.98585088e-02 -2.69434166e-01  1.20594031e-01 -9.00937262e-02\n",
      " -1.41570197e-02  2.54428330e-01  5.15402816e-04  8.09535116e-05\n",
      " -1.45529479e-03 -1.68711008e-04  4.76477652e-04 -4.62643586e-03\n",
      "  3.03231250e-03 -5.23619171e-04 -1.01566485e-01 -1.96349598e-02\n",
      "  1.39245169e-02 -4.84519818e-04  8.70780505e-03 -1.01566247e-01\n",
      " -1.96347864e-02 -8.75275560e-03 -1.39046015e-02 -6.89310699e-05\n",
      " -1.01566264e-01 -1.96351786e-02 -8.75277238e-03  1.38263698e-02\n",
      "  1.47400746e-03]\n",
      "[ 3.27770739e-03 -7.48686393e-02 -9.00937262e-02  9.83926142e-01\n",
      "  7.79128764e-03 -1.40020094e-01 -1.46378043e-01  5.40064983e-03\n",
      " -9.70527049e-02  1.23143149e-03 -1.01632316e-03 -3.35353672e-03\n",
      " -2.21307418e-02  2.40170129e-02  5.41869161e-01  2.24534530e-01\n",
      " -3.11149694e-02  4.36483866e-04 -7.84537654e-03 -1.80552522e-01\n",
      " -7.90379835e-02  2.41098226e-02 -1.61841317e-02 -1.23854300e-02\n",
      " -1.80554677e-01 -7.90375837e-02  2.41096512e-02  1.74585164e-02\n",
      " -1.05137295e-02]\n",
      "[ 5.15058547e-04 -1.17643871e-02 -1.41570197e-02  7.79128764e-03\n",
      "  9.35568594e-01 -2.20022742e-02  5.40062423e-03 -1.79896611e-01\n",
      " -1.52506665e-02 -5.96626434e-03 -3.19571370e-02 -1.30443760e-03\n",
      " -1.01625878e-03 -2.05373172e-03  8.75660139e-06 -4.93355436e-04\n",
      "  8.87646962e-05  3.04008937e-02 -5.13004851e-04 -4.27511419e-01\n",
      " -1.80144035e-01 -1.78146721e-02 -9.37039602e-03 -2.27774977e-02\n",
      "  4.55906211e-01  1.91080850e-01  1.94365109e-02 -1.45439382e-02\n",
      "  1.84596245e-02]\n",
      "[-9.25634750e-03  2.11432867e-01  2.54428330e-01 -1.40020094e-01\n",
      " -2.20022742e-02  1.32976890e+00 -9.70530350e-02 -1.52503880e-02\n",
      "  9.33378479e-02 -1.01624811e-03  1.02588616e-03 -3.19808296e-02\n",
      "  1.22421950e-02  4.91324845e-03 -1.45586395e-04  8.88182841e-03\n",
      " -1.59575504e-03 -5.12996608e-04  3.95918468e-02 -2.79744458e-01\n",
      " -1.08609485e-01 -1.56107981e-02 -2.78882298e-02  2.41382991e-02\n",
      " -2.30589383e-01 -8.79556596e-02 -1.35380484e-02  2.35700813e-02\n",
      "  2.93118789e-02]\n",
      "[-7.06277033e-04 -4.83469676e-02  5.15402816e-04 -1.46378043e-01\n",
      "  5.40062423e-03 -9.70530350e-02  3.35843902e-02 -2.16992022e-04\n",
      "  3.89665706e-03 -1.32567019e-04 -1.01779346e-04  3.54577742e-03\n",
      "  2.38227757e-03 -4.31809505e-03 -9.63097073e-02 -3.79604720e-02\n",
      "  6.78892737e-03  1.21129185e-04 -2.17652958e-03  4.34392191e-02\n",
      "  2.07641070e-02 -3.17641129e-03  3.76098820e-03 -1.02053852e-03\n",
      "  4.34399799e-02  2.07643872e-02 -3.17637149e-03 -3.62460270e-03\n",
      " -1.43141670e-03]\n",
      "[-1.10985042e-04 -7.59687923e-03  8.09535116e-05  5.40064983e-03\n",
      " -1.79896611e-01 -1.52503880e-02 -2.16992022e-04  3.49303616e-02\n",
      "  6.12333498e-04  1.17075197e-03  6.13509600e-03  7.07562793e-04\n",
      " -1.01789437e-04  4.48821457e-04  1.33622032e-03  9.55826784e-04\n",
      "  1.03781026e-04 -5.84863190e-03 -4.81249330e-04  8.40378926e-02\n",
      "  3.57083608e-02  3.67993470e-03  1.91169492e-03  3.86937221e-03\n",
      " -8.68557252e-02 -3.61035794e-02 -3.52615933e-03  2.77460786e-03\n",
      " -4.11545583e-03]\n",
      "[ 1.99455688e-03  1.36533707e-01 -1.45529479e-03 -9.70527049e-02\n",
      " -1.52506665e-02  9.33378479e-02  3.89665706e-03  6.12333498e-04\n",
      "  2.39596119e-02 -1.01772408e-04  6.44155594e-04 -1.99487674e-03\n",
      "  2.99413325e-03 -1.87640081e-03 -2.40110888e-02 -1.71788756e-02\n",
      " -1.86548310e-03 -4.81253050e-04  2.77369252e-03  3.00757855e-02\n",
      "  5.54926989e-03 -1.18101958e-03  3.61497722e-03  4.97872280e-03\n",
      "  2.05670351e-02  1.55331089e-03 -1.58195822e-03 -3.86103338e-03\n",
      "  4.11580072e-03]\n",
      "[-4.93288258e-05 -3.44211814e-04 -1.68711008e-04  1.23143149e-03\n",
      " -5.96626434e-03 -1.01624811e-03 -1.32567019e-04  1.17075197e-03\n",
      " -1.01772408e-04  4.04631087e-05  2.02632033e-04  2.87441536e-05\n",
      " -2.94721876e-05  3.82976590e-05  6.12134671e-04  2.61507394e-04\n",
      " -3.00071885e-05 -1.93829403e-04 -3.50759494e-05  2.69405082e-03\n",
      "  1.13636130e-03  1.52127485e-04  5.60366435e-05  1.10094659e-04\n",
      " -3.00048750e-03 -1.25656323e-03 -8.79949586e-05  1.02164039e-04\n",
      " -1.55010173e-04]\n",
      "[ 1.39274984e-04  9.72018544e-04  4.76477652e-04 -1.01632316e-03\n",
      " -3.19571370e-02  1.02588616e-03 -1.01779346e-04  6.13509600e-03\n",
      "  6.44155594e-04  2.02632033e-04  1.09235957e-03  4.12484561e-05\n",
      "  5.38554873e-05  5.26941121e-05 -3.01447127e-04 -1.38783951e-04\n",
      "  1.29118965e-06 -1.03846687e-03  2.70461080e-05  1.47997219e-02\n",
      "  6.20696374e-03  5.95268391e-04  3.43625813e-04  7.98618354e-04\n",
      " -1.53616090e-02 -6.46726567e-03 -6.76548163e-04  4.70670127e-04\n",
      " -6.12043906e-04]\n",
      "[-1.35231203e-03 -9.43797972e-03 -4.62643586e-03 -3.35353672e-03\n",
      " -1.30443760e-03 -3.19808296e-02  3.54577742e-03  7.07562793e-04\n",
      " -1.99487674e-03  2.87441536e-05  4.12484561e-05  8.35662700e-04\n",
      " -1.59351302e-04 -2.82384589e-04 -4.74033919e-03 -1.87455675e-03\n",
      "  4.35763029e-04 -4.94140318e-05 -9.13573145e-04  8.01955427e-03\n",
      "  3.48733503e-03  1.87948282e-04  6.74735864e-04 -5.51781391e-04\n",
      "  5.10374468e-03  2.26210703e-03  6.49966242e-05 -5.22274880e-04\n",
      " -7.55437698e-04]\n",
      "[ 8.86336472e-04  6.18590133e-03  3.03231250e-03 -2.21307418e-02\n",
      " -1.01625878e-03  1.22421950e-02  2.38227757e-03 -1.01789437e-04\n",
      "  2.99413325e-03 -2.94721876e-05  5.38554873e-05 -1.59351302e-04\n",
      "  5.68485792e-04 -4.82014634e-04 -1.10010572e-02 -4.69975199e-03\n",
      "  5.39283134e-04 -3.50749143e-05  4.34633399e-04  2.91168008e-03\n",
      "  1.14659319e-03 -5.69613922e-04  2.58173972e-04  5.04515512e-04\n",
      "  2.59491798e-03  1.01344390e-03 -5.82968746e-04 -3.03095289e-04\n",
      "  4.58398099e-04]\n",
      "[-1.53056862e-04 -1.06819216e-03 -5.23619171e-04  2.40170129e-02\n",
      " -2.05373172e-03  4.91324845e-03 -4.31809505e-03  4.48821457e-04\n",
      " -1.87640081e-03  3.82976590e-05  5.26941121e-05 -2.82384589e-04\n",
      " -4.82014634e-04  6.44204701e-04  1.36108227e-02  5.73275181e-03\n",
      " -7.77873613e-04 -6.08996913e-05  5.43678254e-05 -5.48933604e-03\n",
      " -2.29342086e-03  5.44579068e-04 -5.81786535e-04 -1.18937275e-04\n",
      " -7.17270793e-03 -3.00077667e-03  4.73594167e-04  6.41668511e-04\n",
      " -1.29993483e-04]\n",
      "[-6.94103189e-03  2.78934193e-01 -1.01566485e-01  5.41869161e-01\n",
      "  8.75660139e-06 -1.45586395e-04 -9.63097073e-02  1.33622032e-03\n",
      " -2.40110888e-02  6.12134671e-04 -3.01447127e-04 -4.74033919e-03\n",
      " -1.10010572e-02  1.36108227e-02  3.68290964e-01  1.32563640e-01\n",
      " -2.95822805e-02  1.63713594e-04 -2.94248016e-03 -5.06346807e-02\n",
      " -4.34752332e-02  1.70686519e-02 -8.18617183e-04  8.56903047e-05\n",
      " -5.06353545e-02 -4.34749350e-02  1.70686050e-02  8.04199020e-04\n",
      "  1.75904694e-04]\n",
      "[ 1.75062041e-03  1.99396764e-02 -1.96349598e-02  2.24534530e-01\n",
      " -4.93355436e-04  8.88182841e-03 -3.79604720e-02  9.55826784e-04\n",
      " -1.71788756e-02  2.61507394e-04 -1.38783951e-04 -1.87455675e-03\n",
      " -4.69975199e-03  5.73275181e-03  1.32563640e-01  5.31646001e-02\n",
      " -8.48881102e-03  3.77930598e-05 -6.78968570e-04 -4.34752405e-02\n",
      " -2.08095878e-02  5.59524100e-03 -3.64128626e-03 -1.54263995e-03\n",
      " -4.34749979e-02 -2.08092437e-02  5.59523566e-03  3.78998505e-03\n",
      " -1.12917293e-03]\n",
      "[ 4.68475974e-03 -5.55218827e-02  1.39245169e-02 -3.11149694e-02\n",
      "  8.87646962e-05 -1.59575504e-03  6.78892737e-03  1.03781026e-04\n",
      " -1.86548310e-03 -3.00071885e-05  1.29118965e-06  4.35763029e-04\n",
      "  5.39283134e-04 -7.77873613e-04 -2.95822805e-02 -8.48881102e-03\n",
      "  3.25463130e-03 -1.30409750e-05  2.34393448e-04 -5.08773978e-03\n",
      "  1.80416457e-03 -1.53575609e-03 -1.17628854e-03 -7.40991513e-04\n",
      " -5.08769803e-03  1.80415585e-03 -1.53575653e-03  1.25122195e-03\n",
      " -6.05920002e-04]\n",
      "[ 1.16572044e-05 -1.29597539e-04 -4.84519818e-04  4.36483866e-04\n",
      "  3.04008937e-02 -5.12996608e-04  1.21129185e-04 -5.84863190e-03\n",
      " -4.81253050e-04 -1.93829403e-04 -1.03846687e-03 -4.94140318e-05\n",
      " -3.50749143e-05 -6.08996913e-05  1.63713594e-04  3.77930598e-05\n",
      " -1.30409750e-05  9.87974523e-04 -1.20952562e-05 -1.39305353e-02\n",
      " -5.88483108e-03 -5.73211635e-04 -3.05394295e-04 -7.34464695e-04\n",
      "  1.47863600e-02  6.18242419e-03  6.37697324e-04 -4.72644586e-04\n",
      "  6.06064929e-04]\n",
      "[-2.09451607e-04  2.32922389e-03  8.70780505e-03 -7.84537654e-03\n",
      " -5.13004851e-04  3.95918468e-02 -2.17652958e-03 -4.81249330e-04\n",
      "  2.77369252e-03 -3.50759494e-05  2.70461080e-05 -9.13573145e-04\n",
      "  4.34633399e-04  5.43678254e-05 -2.94248016e-03 -6.78968570e-04\n",
      "  2.34393448e-04 -1.20952562e-05  1.20467231e-03 -8.48951296e-03\n",
      " -3.00990504e-03 -6.13200867e-04 -8.92249227e-04  6.77655045e-04\n",
      " -6.89165169e-03 -2.33851931e-03 -5.45823053e-04  7.63838961e-04\n",
      "  8.44904747e-04]\n",
      "[-0.00694106  0.27893406 -0.10156625 -0.18055252 -0.42751142 -0.27974446\n",
      "  0.04343922  0.08403789  0.03007579  0.00269405  0.01479972  0.00801955\n",
      "  0.00291168 -0.00548934 -0.05063468 -0.04347524 -0.00508774 -0.01393054\n",
      " -0.00848951  0.36829096  0.13256367  0.01125007  0.02432768  0.01286074\n",
      " -0.05063538 -0.04347512 -0.00641482 -0.01309297 -0.0089129 ]\n",
      "[ 0.00175061  0.01993965 -0.01963479 -0.07903798 -0.18014404 -0.10860949\n",
      "  0.02076411  0.03570836  0.00554927  0.00113636  0.00620696  0.00348734\n",
      "  0.00114659 -0.00229342 -0.04347523 -0.02080959  0.00180416 -0.00588483\n",
      " -0.00300991  0.13256367  0.05316463  0.00315018  0.00692556  0.00382564\n",
      " -0.0434752  -0.0208094  -0.00427286 -0.0020498  -0.00494843]\n",
      "[-0.00146268  0.0174075  -0.00875276  0.02410982 -0.01781467 -0.0156108\n",
      " -0.00317641  0.00367993 -0.00118102  0.00015213  0.00059527  0.00018795\n",
      " -0.00056961  0.00054458  0.01706865  0.00559524 -0.00153576 -0.00057321\n",
      " -0.0006132   0.01125007  0.00315018  0.00136146  0.00074423  0.00029939\n",
      " -0.00641493 -0.00427286  0.00061658 -0.00024528 -0.00058601]\n",
      "[-3.62632315e-03  4.30289868e-02 -1.39046015e-02 -1.61841317e-02\n",
      " -9.37039602e-03 -2.78882298e-02  3.76098820e-03  1.91169492e-03\n",
      "  3.61497722e-03  5.60366435e-05  3.43625813e-04  6.74735864e-04\n",
      "  2.58173972e-04 -5.81786535e-04 -8.18617183e-04 -3.64128626e-03\n",
      " -1.17628854e-03 -3.05394295e-04 -8.92249227e-04  2.43276810e-02\n",
      "  6.92556181e-03  7.44232733e-04  2.54726097e-03  7.53056478e-04\n",
      "  1.40009004e-02  2.58611024e-03  3.08786971e-04 -2.30666848e-03\n",
      " -2.42211113e-06]\n",
      "[-2.58869358e-03  3.05549626e-02 -6.89310699e-05 -1.23854300e-02\n",
      " -2.27774977e-02  2.41382991e-02 -1.02053852e-03  3.86937221e-03\n",
      "  4.97872280e-03  1.10094659e-04  7.98618354e-04 -5.51781391e-04\n",
      "  5.04515512e-04 -1.18937275e-04  8.56903047e-05 -1.54263995e-03\n",
      " -7.40991513e-04 -7.34464695e-04  6.77655045e-04  1.28607429e-02\n",
      "  3.82564156e-03  2.99389722e-04  7.53056478e-04  1.53855973e-03\n",
      " -7.40533374e-03 -4.69050474e-03 -5.55169189e-04 -3.13846777e-04\n",
      "  5.26591072e-04]\n",
      "[-0.00694105  0.27893464 -0.10156626 -0.18055468  0.45590621 -0.23058938\n",
      "  0.04343998 -0.08685573  0.02056704 -0.00300049 -0.01536161  0.00510374\n",
      "  0.00259492 -0.00717271 -0.05063535 -0.043475   -0.0050877   0.01478636\n",
      " -0.00689165 -0.05063538 -0.0434752  -0.00641493  0.0140009  -0.00740533\n",
      "  0.36829099  0.13256376  0.01125002 -0.02560424  0.01008267]\n",
      "[ 0.00175063  0.01993936 -0.01963518 -0.07903758  0.19108085 -0.08795566\n",
      "  0.02076439 -0.03610358  0.00155331 -0.00125656 -0.00646727  0.00226211\n",
      "  0.00101344 -0.00300078 -0.04347493 -0.02080924  0.00180416  0.00618242\n",
      " -0.00233852 -0.04347512 -0.0208094  -0.00427286  0.00258611 -0.0046905\n",
      "  0.13256376  0.0531647   0.0031502  -0.00730722  0.00303374]\n",
      "[-1.46270158e-03  1.74076498e-02 -8.75277238e-03  2.41096512e-02\n",
      "  1.94365109e-02 -1.35380484e-02 -3.17637149e-03 -3.52615933e-03\n",
      " -1.58195822e-03 -8.79949586e-05 -6.76548163e-04  6.49966242e-05\n",
      " -5.82968746e-04  4.73594167e-04  1.70686050e-02  5.59523566e-03\n",
      " -1.53575653e-03  6.37697324e-04 -5.45823053e-04 -6.41481500e-03\n",
      " -4.27286032e-03  6.16580752e-04  3.08786971e-04 -5.55169189e-04\n",
      "  1.12500247e-02  3.15020256e-03  1.36145597e-03 -7.72847683e-04\n",
      "  2.14982015e-04]\n",
      "[ 0.00389112 -0.04615307  0.01382637  0.01745852 -0.01454394  0.02357008\n",
      " -0.0036246   0.00277461 -0.00386103  0.00010216  0.00047067 -0.00052227\n",
      " -0.0003031   0.00064167  0.0008042   0.00378999  0.00125122 -0.00047264\n",
      "  0.00076384 -0.01309297 -0.0020498  -0.00024528 -0.00230667 -0.00031385\n",
      " -0.02560424 -0.00730722 -0.00077285  0.0027009  -0.00062332]\n",
      "[-2.17041637e-03  2.55928904e-02  1.47400746e-03 -1.05137295e-02\n",
      "  1.84596245e-02  2.93118789e-02 -1.43141670e-03 -4.11545583e-03\n",
      "  4.11580072e-03 -1.55010173e-04 -6.12043906e-04 -7.55437698e-04\n",
      "  4.58398099e-04 -1.29993483e-04  1.75904694e-04 -1.12917293e-03\n",
      " -6.05920002e-04  6.06064929e-04  8.44904747e-04 -8.91290457e-03\n",
      " -4.94842544e-03 -5.86009618e-04 -2.42211113e-06  5.26591072e-04\n",
      "  1.00826710e-02  3.03373788e-03  2.14982015e-04 -6.23320541e-04\n",
      "  1.38492847e-03]\n"
     ]
    }
   ],
   "source": [
    "#打印自洽场收敛的X3LYP的结果\n",
    "print(\" The X3LYP total energy: %16.8f Ha\\n\" % scf_data.scf_energy);\n",
    "#打印密度矩阵\n",
    "(dm,size) = scf_data.py_get_dm()\n",
    "dm = numpy.array(dm[0]).reshape(size[1],size[0]);\n",
    "for x in range(29):\n",
    "    print(dm[x])"
   ]
  },
  {
   "cell_type": "code",
   "execution_count": 43,
   "id": "373b364a",
   "metadata": {},
   "outputs": [
    {
     "data": {
      "text/plain": [
       "29"
      ]
     },
     "execution_count": 43,
     "metadata": {},
     "output_type": "execute_result"
    }
   ],
   "source": [
    "scf_data.mol.num_basis"
   ]
  },
  {
   "cell_type": "code",
   "execution_count": null,
   "id": "31f8516a",
   "metadata": {},
   "outputs": [],
   "source": []
  }
 ],
 "metadata": {
  "kernelspec": {
   "display_name": "Python 3 (ipykernel)",
   "language": "python",
   "name": "python3"
  },
  "language_info": {
   "codemirror_mode": {
    "name": "ipython",
    "version": 3
   },
   "file_extension": ".py",
   "mimetype": "text/x-python",
   "name": "python",
   "nbconvert_exporter": "python",
   "pygments_lexer": "ipython3",
   "version": "3.9.13"
  }
 },
 "nbformat": 4,
 "nbformat_minor": 5
}
